Incidencijske matrice nekih dizajna dobivenih različitim operacijama iz 2-(21, 5, 1) dizajna.
Softver kojim su generirane sljedeće matrice nalazi se na slijedećoj adresi:
https://github.com/gflegar/BIBDCalc

2-(21,5,1)
000110010011000000000
000100100100000100001
100010000000100001001
000000010000001101010
000000001110000011000
010010100000001010000
110000010100010000000
010000001001000000011
101000100010000000010
001000000101101000000
000011000100000000110
001010001000010100000
000100000000110010010
000000100001010001100
010000000010100100100
001000010000000010101
100100001000001000100
100001000001000110000
011101000000000001000
000001111000100000000
000001000010011000001

2-(21,16,12)
111001101100111111111
111011011011111011110
011101111111011110110
111111101111110010101
111111110001111100111
101101011111110101111
001111101011101111111
101111110110111111100
010111011101111111101
110111111010010111111
111100111011111111001
110101110111101011111
111011111111001101101
111111011110101110011
101111111101011011011
110111101111111101010
011011110111110111011
011110111110111001111
100010111111111110111
111110000111011111111
111110111101100111110

2-(16,4,1)
1111000000000000
0100111000000000
0001010110000000
1000010001100000
0010000010110000
1000100000011000
0100000101010000
0010100100000100
1000001010000100
1000000100000011
0001000001001100
0000001100101000
0010010000001010
0001001000010010
0100000000100110
0000100011000010
0001100000100001
0000010000010101
0010001001000001
0100000010001001




2-(16,12,11)
0000111111111111
1011000111111111
1110101001111111
0111101110011111
1101111101001111
0111011111100111
1011111010101111
1101011011111011
0111110101111011
0111111011111100
1110111110110011
1111110011010111
1101101111110101
1110110111101101
1011111111011001
1111011100111101
1110011111011110
1111101111101010
1101110110111110
1011111101110110

2-(5,4,12)
11110
11011
11101
01111
11011
11101
10111
01111
10111
11011
11011
11110
10111
01111
11101
11110
10111
11110
11101
01111

